1 -924.1682291666667
2 -914.8727430555556
3 -960.9939236111111
4 -979.7630208333334
5 -988.9067708333333
6 -930.0958333333333
7 -987.1255208333334
8 -889.8098958333333
9 -8.859895833333326
10 -984.0116319444444
11 -986.046875
12 -984.7340277777778
13 -980.0203125
14 -70.0618055555556
15 -861.3131944444444
16 -25.654687499999994
17 -853.7296875
18 -23.75173611111109
19 -987.3102430555556
20 -987.4850694444444
21 -992.2647569444445
22 -986.2217013888888
23 -987.6434027777777
24 -987.3201388888889
25 -844.5925347222222
26 -848.8510416666667
27 -968.7291666666666
28 -158.40329861111113
29 -655.9680555555555
30 -878.841145833334
31 -754.0390625
32 -853.3998263888889
33 -864.3842013888889
34 -638.5315972222223
35 -640.7350694444445
36 -636.5491319444446
37 -136.26076388888646
38 -865.4890624999972
39 -118.24704861110911
40 -860.1286458333307
41 -136.02656249999808
42 -550.8586805555317
43 -545.6567708333097
44 -119.80677083333133
45 -149.02204861111375
46 -1249.5739583333345
47 -156.98142361111084
48 -702.0713541666679
49 -425.95538194444447
50 -307.8513888888987
51 -145.0269097222211
52 -122.25034722222098
53 -425.1203124999999
54 -425.1421875
55 -322.84756944445286
56 -134.34270833333244
57 -159.73506944444603
58 -849.8789930555549
59 -206.94305555555474
60 -158.27204861111082
61 -791.4220486111108
62 -327.36649305555477
63 -325.0885416666659
64 -272.1342013888916
65 -154.82430555555507
66 -147.7236111111128
67 -79.16770833333237
68 -76.31163194444349
69 -76.6361111111102
70 -670.9137152777774
71 -155.90815972222552
72 -216.79583333333653
73 -79.83993055555491
74 -722.1288194444447
75 -186.94548611111085
76 -654.8423611111112
77 -575.618749999999
78 -180.65659722222912
79 -654.452083333333
80 -166.51406250000488
81 -660.0355902777774
82 -677.8939236111111
83 -167.94913194444933
84 -681.8635416666666
85 -84.05225694444341
86 -686.8699652777774
87 -69.86996527777718
88 -24.750000000000217
89 -656.4496527777778
90 -942.1456597222223
91 -34.86059027777779
92 -35.8595486111111
93 -813.8065972222222
94 -67.12690972222173
95 -805.5963541666666
96 -553.1911458333327
97 -925.5470486111111
98 -57.984722222222096
99 -92.68663194444255
100 -761.2795138888889
101 -151.4234375000042
102 -554.3098958333329
103 -94.75069444444269
104 -89.63368055555462
105 -77.26284722222213
106 -551.9486111111107
107 -86.98697916666606
108 -675.7491319444449
109 -99.56250000000004
110 -157.69288194444349
111 -392.66163194444346
112 -295.5737847222281
113 -772.7421875
114 -561.0934027777776
115 -17.327777777777857
116 -562.5937499999995
117 -9.019791666666661
118 -559.0793402777775
119 -982.2567708333333
120 -985.3574652777778
121 -854.9402777777777
122 -979.2352430555555
123 -989.2630208333334
124 -939.5793402777776
125 -975.0592013888889
126 -968.5444444444445
127 -976.9592013888889
128 -972.4104166666667
129 -984.0050347222223
130 -658.7454861111108
131 -75.9421875
132 -73.87187500000002
133 -10.500000000000014
134 -404.1444444444443
135 -554.8131944444442
136 -644.0663194444442
137 -157.65017361111683
138 -266.20416666666705
139 -757.0704861111111
140 -768.4276041666667
141 -986.9671875
142 -878.7265625000002
143 -122.61215277777778
144 -121.0012152777777
145 -708.2458333333333
146 -38.118576388888684
147 -113.29531249999978
148 -100.69062499999997
149 -87.83437500000005
150 -134.50989583333305
151 -85.9993055555555
152 -96.9362847222222
153 -92.12517361111108
154 -94.20468749999995
