1 -795.6076388888889
2 -905.7326388888889
3 -877.1215277777778
4 -980.8784722222222
5 -982.5520833333334
6 -983.9270833333334
7 -983.25
8 -987.6215277777778
9 -981.2777777777778
10 -966.8020833333334
11 -592.8125
12 -12.548611111111128
13 -577.9687500000001
14 -677.7118055555555
15 -556.7083333333335
16 -648.7499999999999
17 -987.7847222222222
18 -700.4305555555547
19 -915.7743055555555
20 -0.31597222222222254
21 -947.96875
22 -849.4131944444443
23 -969.6597222222222
24 -974.5833333333333
25 -1015.4756944444446
26 -168.39930555555546
27 -1076.2951388888891
28 -900.9895833333334
29 -972.4444444444446
30 -964.5520833333335
31 -943.7534722222222
32 -965.125
33 -1749.6284722222217
34 -1384.9270833333335
35 -1233.3645833333337
36 -21.503472222222285
37 -859.6354166666667
38 -122.92708333333337
39 -71.85416666666632
40 -545.5520833333333
41 -1443.399305555556
42 -1503.8784722222222
43 -139.57638888888897
44 -588.5034722222224
45 -32.81597222222234
46 -683.8958333333333
47 -115.55902777777784
48 -678.4548611111109
49 -1421.329861111111
50 -533.9930555555555
51 -1215.3055555555563
52 -1809.7638888888912
53 -1324.2465277777778
54 -1913.8368055555588
55 -264.28819444444474
56 -1311.0277777777783
57 -9.225694444444466
58 -843.2569444444447
59 -2.7361111111111134
60 -1955.4201388888944
61 -906.6145833333333
62 -523.6180555555555
63 -43.72569444444424
64 -1071.7465277777778
65 -558.5138888888889
66 -1078.829861111111
67 -30.340277777777885
68 -32.09722222222229
69 -544.3854166666667
70 -21.56944444444449
71 -727.1666666666666
72 -2.489583333333334
73 -1.9062500000000004
74 -2.7604166666666714
75 -9.079861111111118
76 -511.375
77 -11.357638888888902
78 -5.940972222222244
79 -1.1076388888888906
80 -2.4062500000000027
81 -3.406250000000008
82 -7.388888888888915
83 -665.96875
84 -5.656250000000005
85 -0.24305555555555602
86 -8.770833333333332
87 -1309.7395833333333
88 -12.552083333333327
89 -0.3298611111111114
90 -1033.8159722222222
91 -813.5729166666667
92 -808.5520833333334
93 -1058.1319444444418
94 -984.6909722222222
95 -14.711805555555562
96 -939.9131944444443
97 -908.947916666667
98 -1239.21875
99 -1267.486111111111
100 -983.3993055555555
101 -772.5347222222222
102 -567.53125
103 -51.892361111111086
104 -106.05902777777752
105 -661.1701388888889
106 -665.1284722222218
107 -1054.114583333334
108 -531.0486111111113
109 -957.4270833333336
110 -1921.7465277777835
111 -1174.402777777778
112 -129.88194444444457
113 -122.30902777777777
114 -1219.5972222222229
115 -1179.2048611111118
116 -1481.7916666666702
117 -1423.083333333337
118 -1240.4861111111115
119 -766.3090277777779
120 -848.7951388888896
121 -592.1666666666671
122 -665.2500000000013
123 -949.3854166666667
124 -53.44097222222226
125 -1752.8159722222242
126 -67.06944444444454
127 -239.7430555555538
128 -428.7986111111114
129 -444.22222222222246
130 -1646.697916666667
131 -219.9305555555538
132 -838.4722222222224
133 -838.3645833333339
134 -1272.21875
135 -761.2847222222222
136 -554.2152777777778
137 -580.0347222222223
138 -22.628472222222214
139 -827.9548611111111
140 -652.5833333333333
141 -38.10416666666669
142 -673.4409722222222
143 -15.125000000000007
144 -164.03472222222214
145 -863.7881944444448
146 -888.2708333333333
147 -795.9444444444441
148 -15.750000000000016
149 -15.434027777777787
150 -133.61111111111103
151 -1228.3541666666672
152 -888.3333333333335
153 -825.0347222222222
154 -30.461805555555543
155 -1479.1562500000005
156 -22.07638888888893
157 -886.2013888888889
158 -793.3090277777776
159 -901.0277777777776
160 -884.2743055555555
161 -816.1666666666664
162 -8.750000000000005
163 -3.645833333333337
164 -18.67361111111114
165 -611.5659722222223
166 -855.6944444444445
167 -19.145833333333368
168 -823.1562499999998
169 -673.3923611111111
170 -660.4166666666667
171 -0.8680555555555588
172 -0.875000000000003
173 -0.4444444444444453
174 -945.9756944444445
175 -641.8680555555555
176 -1089.7673611111118
177 -909.7222222222222
178 -910.5763888888889
179 -806.7395833333334
180 -9.624999999999998
181 -809.0729166666666
182 -637.0208333333334
183 -800.6770833333333
184 -875.9756944444445
185 -752.3645833333333
186 -0.5347222222222231
187 -4.3750000000000036
188 -4.864583333333339
189 -829.3125
190 -920.6944444444446
191 -1576.006944444448
192 -779.1284722222215
193 -659.6041666666666
194 -680.7673611111111
195 -657.9236111111111
196 -4.489583333333337
197 -896.6840277777789
198 -3.5972222222222268
199 -2.0000000000000027
200 -624.7916666666665
201 -802.5312499999999
202 -99.34375000000001
203 -625.2118055555555
204 -3.3958333333333357
205 -768.7604166666666
206 -685.7499999999999
207 -0.02083333333333348
208 -1235.371527777778
209 -1194.75
210 -916.0902777777779
211 -761.4861111111115
212 -754.0902777777777
213 -219.06597222222192
214 -190.48611111111092
215 -684.4166666666666
216 -832.2361111111106
217 -1298.6145833333342
218 -590.6736111111111
219 -1228.1666666666688
220 -1213.1666666666683
221 -520.9756944444445
222 -90.77430555555556
223 -540.3888888888889
224 -444.2326388888892
225 -103.3958333333334
226 -0.5000000000000012
227 -9.420138888888891
228 -8.34722222222223
229 -751.7916666666669
230 -103.89583333333357
231 -99.52083333333353
232 -1.1250000000000009
233 -129.63194444444454
234 -1448.4270833333364
235 -136.13194444444434
236 -1537.0729166666722
237 -573.6249999999999
238 -181.61111111111063
239 -1089.6354166666667
240 -747.1180555555555
241 -587.9374999999999
242 -756.2708333333333
243 -58.20833333333333
244 -1009.3645833333333
245 -812.4513888888889
246 -21.972222222222246
247 -1043.767361111111
248 -1406.4930555555657
249 -1381.0659722222317
250 -43.34374999999997
251 -0.7395833333333343
252 -1577.5034722222222
253 -589.9027777777779
254 -2039.2604166666679
255 -522.9791666666667
256 -579.5833333333335
257 -88.46527777777793
258 -620.0937500000001
259 -16.468750000000014
260 -612.5868055555557
261 -186.15624999999966
262 -171.8263888888887
263 -1006.1319444444431
264 -677.9305555555554
265 -569.1805555555557
266 -8.434027777777793
267 -125.85763888888887
268 -841.7673611111109
269 -116.6805555555557
270 -656.2118055555559
271 -885.8923611111113
272 -165.02083333333246
273 -941.3020833333334
274 -787.0381944444443
275 -5.427083333333336
276 -758.7430555555554
277 -757.552083333333
278 -1274.0590277777778
279 -541.4756944444445
280 -1.0173611111111136
281 -577.2222222222223
282 -997.4722222222224
283 -586.4791666666666
284 -1002.8784722222225
285 -979.4479166666667
286 -573.6041666666666
287 -1230.8263888888896
288 -1397.635416666667
289 -94.34027777777757
290 -683.3506944444435
291 -754.0868055555555
292 -917.0104166666666
293 -908.3125
294 -924.4131944444445
295 -933.4861111111113
296 -825.6840277777777
297 -28.048611111111114
298 -789.6215277777778
299 -549.6493055555555
300 -0.04513888888888895
301 -0.01041666666666674
302 -950.4270833333336
303 -755.4409722222223
304 -863.0972222222222
305 -974.0208333333334
306 -598.2395833333334
307 -1487.3645833333335
308 -1433.107638888889
309 -589.8784722222223
310 -756.6145833333334
311 -986.0277777777778
312 -988.3923611111111
313 -519.2534722222222
314 -981.6979166666667
315 -984.1944444444445
316 -984.28125
317 -983.2847222222222
318 -964.6041666666667
319 -28.121527777777736
320 -981.5868055555555
321 -989.3194444444445
322 -979.2604166666667
323 -980.6909722222222
324 -73.83680555555557
325 -942.5972222222222
326 -937.6388888888889
327 -825.1458333333334
328 -984.0972222222222
329 -989.0868055555555
330 -904.7743055555557
331 -935.9583333333335
332 -875.8819444444445
333 -988.2152777777778
334 -41.73958333333336
335 -40.666666666666664
336 -977.5208333333334
337 -943.8854166666666
338 -974.1145833333333
339 -983.6979166666666
340 -989.0868055555555
341 -33.09375000000002
342 -881.2604166666667
343 -1102.392361111111
344 -983.9756944444448
345 -982.6631944444445
346 -970.4166666666669
347 -985.0243055555555
348 -910.4236111111111
349 -943.576388888889
350 -986.9097222222223
351 -983.0694444444445
352 -52.13194444444441
353 -929.4930555555555
354 -980.5555555555555
355 -955.0104166666666
356 -919.0868055555559
357 -894.7916666666666
358 -1075.2916666666683
359 -990.1701388888889
360 -980.0659722222226
361 -985.7708333333342
362 -892.4583333333334
363 -991.5625
364 -927.6979166666667
365 -974.3263888888889
366 -981.8541666666667
367 -923.7083333333333
368 -924.2916666666667
369 -33.197916666666636
370 -921.5138888888889
371 -924.9375
372 -44.98958333333337
373 -923.0694444444449
374 -936.9618055555559
375 -987.0555555555557
376 -36.6215277777778
377 -937.3506944444442
378 -981.4652777777778
379 -924.0347222222224
380 -41.30902777777776
381 -987.4166666666672
382 -42.468749999999986
383 -74.54166666666663
384 -941.2152777777777
385 -984.701388888889
386 -923.5763888888891
387 -36.635416666666686
388 -824.28125
389 -35.62152777777774
390 -922.8715277777783
391 -981.5798611111111
392 -940.3125000000001
393 -933.4027777777778
394 -48.909722222222264
395 -931.4027777777778
396 -875.1944444444445
397 -58.54166666666668
398 -943.6354166666669
399 -54.74999999999997
400 -947.0138888888889
401 -933.5069444444446
402 -40.86458333333337
403 -41.07638888888892
404 -966.0381944444445
405 -1211.927083333334
406 -991.6145833333334
407 -1172.6631944444455
408 -880.3159722222224
409 -1189.499999999999
410 -886.7222222222223
411 -28.545138888888857
412 -199.86111111111086
413 -1517.3368055555527
414 -29.90277777777774
415 -883.8263888888889
416 -50.58680555555559
417 -31.670138888888875
418 -880.6770833333333
