1 -870.5295138888889
2 -848.5310763888889
3 -897.4923611111111
4 -981.5607638888889
5 -984.4668402777778
6 -984.8362847222222
7 -983.5234375
8 -988.5373263888889
9 -982.484375
10 -934.6182291666667
11 -31.28854166666667
12 -938.7975694444444
13 -835.0760416666665
14 -857.3086805555556
15 -908.2260416666664
16 -22.687847222222242
17 -651.5512152777777
18 -50.98263888888898
19 -832.503125
20 -873.8644097222219
21 -87.14270833333335
22 -136.17760416666664
23 -758.2447916666669
24 -983.8572916666678
25 -794.6185763888889
26 -844.5265625
27 -822.5248263888889
28 -85.17604166666665
29 -956.8310763888888
30 -892.6368055555556
31 -752.6899305555556
32 -44.683854166666244
33 -48.94027777777735
34 -645.719270833333
35 -925.3128472222223
36 -808.7597222222222
37 -800.2756944444445
38 -828.0664930555556
39 -922.6376736111112
40 -617.2555555555551
41 -778.1815972222222
42 -31.346180555555655
43 -11.243402777777805
44 -1082.1828125000002
45 -11.973611111111142
46 -801.8293402777779
47 -1067.0633680555552
48 -42.58940972222223
49 -754.0918402777777
50 -687.4434027777778
51 -60.943055555555524
52 -57.95381944444442
53 -757.0473958333333
54 -803.4423611111112
55 -37.97309027777779
56 -880.7980902777779
57 -699.2772569444446
58 -39.86111111111109
59 -642.9946180555555
60 -13.804513888888922
61 -111.02517361111107
62 -686.4901041666667
63 -13.454687500000047
64 -134.37673611111094
65 -686.8397569444443
66 -16.973784722222277
67 -191.58593749999997
68 -645.0791666666665
69 -754.9026041666667
70 -818.8414930555559
71 -39.36805555555555
72 -35.45364583333336
73 -121.47013888888871
74 -678.9791666666667
75 -230.21163194444478
76 -692.5324652777779
77 -13.34756944444446
78 -803.887673611111
79 -792.8274305555556
80 -210.24635416666652
81 -616.4078124999997
82 -1946.5673611111101
83 -202.8168402777777
84 -10.912152777777795
85 -647.2597222222226
86 -554.4036458333319
87 -104.9821180555551
88 -122.34305555555514
89 -170.55000000000013
90 -14.140451388888945
91 -760.0763888888893
92 -15.706423611111171
93 -180.39201388888907
94 -672.1571180555555
95 -178.5967013888892
96 -793.1529513888889
97 -814.5071180555565
98 -27.708159722222337
99 -597.853125
100 -25.641840277777767
101 -13.435937499999998
102 -1434.960763888889
103 -1278.9758680555537
104 -93.12916666666676
105 -14.66857638888895
106 -677.7588541666668
107 -218.88107638888863
108 -1173.9897569444436
109 -182.2222222222224
110 -330.6085069444445
111 -686.8956597222225
112 -715.1767361111113
113 -914.6984375000002
114 -143.80798611111132
115 -156.18333333333354
116 -905.6036458333334
117 -916.0668402777777
118 -922.2517361111112
119 -702.267361111111
120 -738.888020833333
121 -57.148263888888856
122 -163.2663194444446
123 -32.589062500000004
124 -11.304861111111105
125 -69.09930555555556
126 -960.6758680555564
127 -882.1215277777785
128 -183.87760416666669
129 -703.6689236111108
130 -51.41909722222224
131 -760.3145833333335
132 -47.088715277777794
133 -201.15607638888866
134 -50.48975694444446
135 -935.7442708333347
136 -68.11267361111106
137 -36.2307291666667
138 -36.778645833333265
139 -750.598611111111
140 -736.8052083333328
141 -724.4753472222218
142 -718.3038194444445
143 -41.49045138888889
144 -206.67569444444828
145 -190.16006944444516
146 -42.87569444444445
147 -162.84635416666646
148 -739.4947916666677
149 -867.55295138889
150 -854.4821180555568
151 -48.304513888888344
152 -134.81284722222338
153 -902.1135416666676
154 -74.77725694444443
155 -9.049999999999994
156 -259.63888888888897
157 -249.47986111111135
158 -189.73211805555633
159 -340.84444444444483
160 -977.0925347222235
161 -639.5241319444442
162 -619.5579861111112
163 -634.3034722222218
164 -579.4795138888886
165 -707.1031250000001
166 -107.83593749999989
167 -99.51475694444423
168 -9.009895833333328
169 -718.440451388889
170 -943.020833333333
171 -9.152777777777773
172 -166.4750000000006
173 -172.56475694444364
174 -1163.0434027777778
175 -799.3553819444443
176 -888.5123263888888
177 -742.4279513888889
178 -188.19722222222273
179 -416.99965277777926
180 -91.39774305555522
181 -15.223090277777796
182 -93.90121527777742
183 -216.6119791666675
184 -17.761284722222264
185 -1016.7574652777786
186 -18.300520833333334
187 -13.984722222222281
188 -14.191319444444494
189 -738.7994791666667
190 -247.31093750000065
191 -975.1307291666681
192 -136.47864583333336
193 -99.2977430555552
194 -144.16024305555553
195 -11.832986111111122
196 -15.474652777777772
197 -39.106597222222064
198 -794.3019097222223
199 -308.9428819444442
200 -578.6276041666664
201 -580.5588541666664
202 -109.26510416666628
203 -30.14895833333336
204 -20.903645833333336
205 -23.176909722222238
206 -128.39357638888868
207 -34.0743055555556
208 -47.346874999999635
209 -276.44670138888927
210 -22.714583333333326
211 -23.85590277777777
212 -476.41145833333303
213 -31.706770833333383
214 -37.86249999999999
215 -774.9258680555556
216 -619.498611111111
217 -48.960243055555544
218 -53.09722222222215
219 -13.277777777777755
220 -753.0626736111112
221 -14.384027777777835
222 -22.016840277777774
223 -49.13958333333331
224 -817.8605902777779
225 -18.595138888888933
226 -12.405902777777818
227 -783.0668402777778
228 -351.4592013888887
229 -14.343055555555646
230 -65.88732638888891
231 -30.170312500000012
232 -145.12864583333308
233 -610.3828124999997
234 -77.76440972222228
235 -72.32031249999996
236 -81.51319444444455
237 -66.67395833333318
238 -821.6144097222223
239 -70.95069444444438
240 -37.01197916666664
241 -109.73472222222232
242 -27.020312500000028
243 -65.24722222222216
244 -43.89201388888882
245 -94.2414930555556
246 -771.9109374999999
247 -56.66979166666664
248 -24.295138888888868
249 -25.340277777777786
250 -637.1164930555557
251 -25.007118055555544
252 -679.7444444444444
253 -122.26944444444446
254 -85.51163194444423
255 -17.166666666666696
256 -566.5723958333333
257 -11.373958333333354
258 -11.427777777777797
259 -53.98333333333344
260 -12.222743055555588
261 -12.486111111111143
262 -52.75121527777781
263 -808.4760416666667
264 -62.08697916666672
265 -84.05347222222167
266 -10.251215277777787
267 -32.45434027777787
268 -102.1218749999995
269 -39.82482638888883
270 -723.6456597222223
271 -68.25486111111094
272 -112.2968749999994
273 -735.3359375
274 -38.89479166666661
275 -637.2121527777778
276 -765.3862847222223
277 -107.76336805555538
278 -732.2583333333333
279 -73.52013888888831
280 -60.14496527777745
281 -71.31545138888855
282 -81.12100694444435
283 -83.96944444444443
284 -783.3967013888889
285 -605.8779513888887
286 -10.152951388888903
287 -677.3595486111111
288 -19.29305555555559
289 -672.8199652777773
290 -91.01614583333289
291 -605.687847222222
292 -163.40312500000013
293 -58.57899305555503
294 -693.585416666667
295 -114.98003472222226
296 -696.241145833334
297 -116.3539930555552
298 -90.14583333333279
299 -692.4697916666674
300 -681.1262152777783
301 -145.19930555555544
302 -31.74548611111112
303 -717.9951388888888
304 -74.68229166666647
305 -109.10104166666638
306 -49.53854166666652
307 -109.7989583333331
308 -279.61319444444536
309 -303.16979166666823
310 -366.17361111111205
311 -33.13489583333341
312 -106.22569444444449
313 -103.37152777777783
314 -251.7828125000003
315 -724.4762152777784
316 -55.85972222222221
317 -673.6321180555553
318 -139.71770833333315
319 -138.4138888888889
320 -164.82048611111097
321 -176.25885416666634
322 -108.18350694444457
323 -726.6439236111114
324 -36.86302083333332
325 -89.90937499999978
326 -393.161111111111
327 -264.2029513888885
328 -702.8842013888889
329 -12.326215277777774
330 -295.89166666666705
331 -789.7333333333333
332 -166.91909722222243
333 -17.683159722222282
334 -55.98836805555563
335 -108.80347222222203
336 -141.6666666666666
337 -17.756597222222233
338 -22.261631944444552
339 -103.03124999999996
340 -135.8196180555564
341 -546.9291666666668
342 -605.8456597222223
343 -880.481423611111
344 -27.952430555555665
345 -133.82118055555594
346 -101.36093749999986
347 -608.2965277777779
348 -44.685243055555574
349 -208.80260416666655
350 -28.69062499999999
351 -28.12638888888887
352 -867.9104166666666
353 -180.32343749999984
354 -25.351909722222235
355 -24.220833333333328
356 -256.19340277777803
357 -59.60625000000002
358 -84.9911458333334
359 -11.406423611111116
360 -86.12135416666644
361 -35.429513888888806
362 -33.11631944444448
363 -26.240104166666704
364 -100.32569444444471
365 -105.53489583333355
366 -125.24079861111106
367 -9.718576388888891
368 -103.6624999999999
369 -677.323263888889
370 -32.056423611111136
371 -92.16006944444433
372 -20.746875000000003
373 -710.7612847222223
374 -90.65868055555558
375 -22.35833333333334
376 -17.176215277777764
377 -177.17048611111142
378 -126.06805555555557
379 -89.87100694444445
380 -40.86527777777783
381 -160.16423611111122
382 -32.47083333333333
383 -165.81145833333326
384 -710.6260416666667
385 -12.307812500000006
386 -96.46909722222216
387 -63.190972222221475
388 -212.93784722222324
389 -907.5451388888887
390 -1264.8682291666664
391 -30.470486111111118
392 -730.2065972222222
393 -10.361805555555572
394 -219.0149305555556
395 -263.254861111114
396 -155.4529513888897
397 -120.36197916666632
398 -112.68159722222208
399 -99.86423611111103
400 -112.44809027777762
401 -10.480034722222243
402 -105.78038194444437
403 -630.0739583333334
404 -814.0133680555555
405 -43.26562499999988
406 -53.922569444444456
407 -1132.3317708333366
408 -1078.9145833333355
409 -577.6498263888889
410 -280.3246527777777
411 -105.71527777777773
412 -577.0784722222223
413 -879.3005208333333
414 -740.1486111111111
415 -46.06892361111118
416 -1104.0340277777777
417 -205.97829861111285
418 -948.5755208333335
419 -9.524479166666671
420 -274.46944444444426
421 -925.5019097222222
422 -47.94930555555573
423 -832.4309027777772
424 -816.7381944444446
425 -757.4630208333332
426 -9.23472222222222
427 -343.5013888888888
428 -459.3923611111116
429 -134.6196180555557
430 -768.1373263888888
431 -714.2050347222224
432 -820.7897569444442
433 -789.8513888888888
434 -198.70260416666662
435 -304.98385416666696
436 -1036.3208333333325
437 -9.541319444444445
438 -194.3888888888905
439 -100.32395833333331
440 -66.2802083333333
441 -215.86909722222288
442 -113.69618055555556
443 -800.6664930555555
444 -14.699479166666698
445 -224.4895833333339
446 -585.9689236111111
447 -159.43854166666705
448 -242.9428819444446
449 -203.03194444444452
450 -965.0986111111114
451 -137.33107638888904
452 -1096.0980902777771
453 -1114.0654513888862
454 -766.4649305555555
455 -916.0552083333328
456 -330.57291666666896
457 -911.0637152777779
458 -212.56128472222392
459 -699.4140625
460 -906.9996527777777
461 -737.3630208333336
462 -15.001562499999986
463 -13.691493055555544
464 -206.78333333333575
465 -206.3682291666682
466 -764.666666666667
467 -1089.9633680555562
468 -176.0449652777787
469 -584.9182291666667
470 -231.90781250000032
471 -15.98246527777776
472 -9.344618055555548
473 -8.975347222222211
474 -68.060069444444
475 -240.4961805555551
476 -439.32378472222354
477 -744.1013888888889
478 -284.463541666667
479 -406.28437500000194
480 -312.6953125000004
481 -409.4000000000012
482 -152.00295138888936
483 -35.53715277777775
484 -387.45104166666715
485 -33.399999999999956
486 -719.7701388888889
487 -418.41493055555753
488 -715.3539930555556
489 -632.799652777777
490 -271.61059027778373
491 -235.8451388888936
492 -679.5553819444452
493 -237.95711805555754
494 -141.2399305555559
495 -269.5638888888935
496 -206.6072916666718
497 -9.386458333333325
498 -9.444791666666655
499 -696.4401041666661
500 -341.63229166666844
501 -680.1154513888895
502 -252.00902777777713
503 -256.66284722222224
504 -240.34965277777755
505 -173.80434027777736
506 -9.691666666666658
507 -107.1942708333333
508 -254.92482638888865
509 -101.43993055555559
510 -282.2555555555558
511 -779.0887152777781
512 -237.46423611111146
513 -82.63472222222224
514 -688.9649305555556
515 -261.64392361111163
516 -188.24774305555587
517 -222.86927083333885
518 -194.69288194444405
519 -631.9753472222224
520 -132.20017361111047
521 -10.692187499999976
522 -10.952777777777753
523 -276.36006944444705
524 -678.5260416666663
525 -194.6175347222242
526 -195.80416666666866
527 -110.61336805555503
528 -8.909895833333326
529 -8.926388888888882
530 -245.4725694444496
531 -9.059895833333329
532 -8.84999999999999
533 -106.26684027777723
534 -194.82256944444663
535 -70.17864583333238
536 -67.601562499999
537 -194.04548611111105
538 -577.2312499999991
539 -191.531076388889
540 -217.08142361111211
541 -75.29097222222181
542 -697.9168402777776
543 -614.5725694444444
544 -726.2124999999997
545 -259.0628472222261
546 -251.79079861111524
547 -14.169965277777758
548 -86.9572916666667
549 -90.60486111111123
550 -110.69131944444456
551 -207.53350694444472
552 -254.43854166666907
553 -186.75329861111214
554 -770.3642361111113
555 -681.0977430555561
556 -17.879687499999985
557 -44.283333333333324
558 -13.121006944444433
559 -766.3329861111112
560 -725.1154513888891
561 -209.74357638888878
562 -186.00208333333393
563 -849.6427083333333
564 -268.91909722222283
565 -848.2605902777779
566 -846.9939236111111
567 -840.6704861111112
568 -676.2600694444448
569 -180.30572916666728
570 -648.4295138888892
571 -698.7065972222218
572 -161.197222222222
573 -195.66718750000058
574 -701.1442708333328
575 -187.3631944444448
576 -188.5902777777781
577 -207.49305555555569
578 -9.059895833333327
579 -183.86909722222265
580 -100.41527777777762
581 -831.2239583333338
582 -42.19496527777776
583 -9.089583333333328
584 -148.7732638888887
585 -183.90364583333405
586 -181.59149305555644
587 -45.96562499999997
588 -8.96979166666666
589 -169.4140625000008
590 -163.77465277777844
591 -778.8883680555562
592 -171.5418402777786
593 -198.81892361111224
594 -12.123090277777763
595 -36.562673611111144
596 -9.942881944444444
597 -15.992881944444433
598 -200.56666666666678
599 -188.98993055555573
600 -46.226909722222224
601 -197.25486111111118
602 -143.90711805555569
603 -65.75729166666667
604 -220.92378472222194
605 -59.88298611111108
606 -180.14722222222258
607 -167.21284722222248
608 -124.74982638888883
609 -171.73420138888915
610 -48.04131944444446
611 -160.17239583333338
612 -31.13298611111113
613 -92.20052083333341
614 -72.49635416666663
615 -73.73645833333326
616 -173.63819444444434
617 -672.2480902777785
618 -151.52013888889007
619 -799.5236111111111
620 -29.18437499999999
621 -681.8199652777782
622 -8.96979166666666
623 -150.6625000000006
624 -30.984374999999982
625 -809.5909722222221
626 -173.52621527777814
627 -598.7951388888889
628 -56.66128472222224
629 -676.9102430555561
630 -676.8079861111117
631 -709.332986111111
632 -680.5510416666672
633 -679.0310763888895
634 -671.4373263888895
635 -9.089583333333328
636 -176.4161458333341
637 -636.4732638888889
638 -160.98628472222282
639 -128.24843750000002
640 -706.5421874999996
641 -651.1182291666668
642 -188.64913194444446
643 -135.08124999999964
644 -758.0123263888884
645 -12.297048611111093
646 -68.51840277777747
647 -96.29722222222165
648 -96.08072916666602
649 -110.77031249999953
650 -114.98576388888856
651 -96.47881944444397
652 -586.7461805555553
653 -91.20902777777746
654 -90.95815972222205
655 -120.26788194444433
656 -53.79635416666616
657 -10.534895833333342
658 -668.8359374999999
659 -667.3729166666665
660 -10.857638888888898
661 -209.5708333333333
662 -48.9411458333327
663 -104.55295138888921
664 -390.6097222222243
665 -759.0482638888889
666 -61.680381944444036
667 -96.72604166666643
668 -96.51996527777757
669 -95.10451388888872
670 -101.3336805555557
671 -784.0883680555562
672 -1033.1446180555563
673 -183.2472222222222
674 -1255.210069444444
675 -902.0637152777779
676 -851.3909722222222
677 -602.5149305555544
678 -11.071527777777778
679 -72.47013888888777
680 -855.08767361111
681 -607.6894097222199
682 -855.4539930555547
683 -679.1541666666672
684 -71.55277777777711
685 -910.4336805555558
686 -585.5454861111106
687 -676.880381944445
688 -674.4819444444448
689 -972.7645833333327
690 -852.8034722222224
691 -832.3873263888887
692 -103.3473958333326
693 -592.2559027777772
694 -12.477777777777797
695 -984.753645833332
696 -11.688541666666667
697 -843.844791666666
698 -1319.4423611111029
699 -839.1407986111105
700 -1006.084201388889
701 -930.5904513888884
702 -973.0307291666659
703 -609.3163194444439
704 -1009.5612847222203
705 -78.5133680555554
706 -197.6197916666675
707 -404.2201388888894
708 -339.1611111111124
709 -366.03749999999957
710 -56.83402777777782
711 -659.0984374999999
712 -792.4890624999998
713 -200.4359375000008
714 -10.890104166666674
715 -385.66493055555543
716 -366.48888888889
717 -225.7180555555561
718 -219.5644097222228
719 -221.43402777777854
720 -848.0527777777777
721 -391.1243055555556
722 -358.20173611111125
723 -354.82499999999925
724 -766.6295138888883
725 -12.877430555555566
726 -127.3769097222221
727 -74.75972222222222
728 -1413.1078125000017
729 -78.5220486111112
730 -13.858333333333336
731 -29.454861111111153
732 -821.9805555555558
733 -69.94201388888895
734 -177.33385416666752
735 -1003.393576388889
736 -156.08194444444413
737 -739.5229166666663
738 -195.10381944444435
739 -11.259027777777783
740 -975.8013888888888
741 -194.73281250000025
742 -46.25538194444453
743 -85.01059027777788
744 -717.9517361111111
745 -71.43263888888833
746 -133.42291666666776
747 -87.81944444444453
748 -44.97395833333339
749 -1489.7793402777786
750 -12.659895833333344
751 -734.5253472222223
752 -12.156250000000009
753 -886.191319444445
754 -236.74513888889376
755 -12.623611111111106
756 -42.18333333333331
757 -335.3703125000001
758 -900.9456597222221
759 -715.3397569444442
760 -871.9248263888888
761 -875.0057291666667
762 -1374.4564236111112
763 -972.6710069444445
764 -981.2803819444446
765 -171.0968750000014
766 -973.5385416666668
767 -1304.0647569444495
768 -553.6687499999998
769 -74.0267361111107
770 -553.3651041666665
771 -1083.490451388889
772 -689.6534722222224
773 -905.5706597222222
774 -950.6989583333334
775 -942.2390625
776 -945.6388888888889
777 -1118.415972222222
778 -925.2279513888888
779 -928.5111111111112
780 -1273.7625
781 -1289.9489583333334
782 -971.2460069444444
783 -1319.627951388889
784 -1140.1133680555556
785 -1387.6713541666668
786 -2443.878645833333
787 -2062.30798611111
788 -1926.5427083333334
789 -1498.9126736111111
790 -1637.0809027777777
791 -976.2697916666666
792 -1420.0890625
793 -980.6173611111111
794 -1912.626736111111
795 -1227.9984375
796 -1215.470659722222
797 -1455.7835069444445
798 -1320.8395833333334
799 -1631.6873263888888
800 -1523.6805555555557
801 -1456.7802083333333
802 -976.0157986111111
803 -3256.1953125
804 -2376.7366319444445
805 -1965.1166666666668
806 -2359.152777777768
807 -2352.860243055547
808 -1690.5503472222222
809 -1925.8302083333365
810 -1712.3947916666666
811 -2017.1138888888888
812 -1968.8493055555555
813 -1968.9921875
814 -3968.6048611111155
815 -2431.845486111109
816 -2097.0645833333338
817 -2407.7923611111087
818 -2287.638020833332
819 -1789.582812499997
820 -2352.673611111109
821 -2293.7151041666657
822 -978.1260416666679
823 -2004.3369791666655
824 -3564.870486111104
825 -2010.5239583333328
826 -1188.112326388889
827 -2379.867013888883
828 -2372.920312499992
829 -977.438194444445
830 -501.67482638889356
831 -353.6897569444459
832 -494.66892361111576
833 -1044.0805555555567
834 -457.18055555555685
835 -1109.197395833336
836 -670.5220486111132
837 -821.824479166666
838 -1081.8638888888909
839 -468.8149305555558
840 -391.93975694444407
841 -1239.3071180555557
842 -1300.6953124999984
843 -1233.3815972222228
844 -1038.2883680555576
845 -670.4510416666665
846 -1191.326388888894
847 -1005.9074652777807
848 -386.58645833333304
849 -1071.5513888888884
850 -632.6404513888884
851 -1156.0965277777832
