1 -57.65590277777746
2 -829.0791666666667
3 -901.1109375
4 -985.2486111111111
5 -987.0298611111111
6 -985.8555555555556
7 -985.1496527777778
8 -986.3371527777778
9 -986.3338541666667
10 -194.32204861111313
11 -201.52482638888878
12 -256.3067708333337
13 -964.7081597222223
14 -967.4394097222222
15 -967.3569444444445
16 -685.3522569444441
17 -90.50364583333217
18 -97.97256944444334
19 -982.4217013888889
20 -981.7355902777778
21 -982.0225694444445
22 -988.6527777777778
23 -981.1451388888889
24 -999.8845486111111
25 -982.9791666666666
26 -982.7251736111111
27 -982.9890625
28 -982.2105902777778
29 -969.4944444444444
30 -968.6104166666667
31 -980.4029513888889
32 -981.8675347222222
33 -969.6659722222222
34 -987.4157986111111
35 -895.6649305555555
36 -986.6241319444445
37 -978.803125
38 -981.9236111111111
39 -981.6762152777778
40 -977.8762152777778
41 -981.296875
42 -998.6310763888889
43 -999.3732638888889
44 -980.8779513888888
45 -998.3177083333334
46 -977.496875
47 -979.0901041666667
48 -999.0434027777778
49 -998.9114583333334
50 -998.5980902777778
51 -998.9444444444445
52 -980.6635416666667
53 -981.4222222222222
54 -980.9934027777778
55 -981.2144097222222
56 -979.5123263888889
57 -979.7993055555555
58 -977.8696180555555
59 -983.5036458333333
60 -983.1770833333334
61 -980.7526041666666
62 -982.1677083333333
63 -979.8784722222222
64 -980.8911458333333
65 -979.6442708333333
66 -975.4022569444444
67 -980.5876736111111
68 -980.7657986111111
69 -975.3560763888889
70 -973.8453125
71 -975.4253472222222
72 -982.0390625
73 -980.5645833333333
74 -980.0071180555556
75 -981.8477430555556
76 -980.5711805555555
77 -979.4331597222222
78 -999.5052083333334
79 -999.2578125
80 -983.7345486111111
81 -982.5503472222222
82 -993.2873263888889
83 -982.9791666666666
84 -982.3887152777778
85 -981.0725694444444
86 -982.5008680555555
87 -980.6404513888889
88 -976.8701388888888
89 -981.9236111111111
90 -981.5970486111111
91 -21.510590277777904
92 -23.404166666666708
93 -22.333159722222337
94 -34.83923611111101
95 -815.5812500000001
96 -18.358333333333437
97 -31.821354166666683
98 -17.307812500000107
99 -32.19375000000002
100 -33.213541666666636
101 -17.434722222222337
102 -16.359548611111116
103 -34.26736111111106
104 -811.3326388888889
105 -841.5644097222221
106 -840.1031249999999
107 -19.89062500000006
108 -43.403645833333286
109 -834.1392361111111
110 -55.5581597222222
111 -24.644097222222257
112 -44.37239583333331
113 -832.0677083333334
114 -67.74079861111113
115 -58.54704861111106
116 -866.5546875
117 -47.545138888888864
118 -838.9717013888888
119 -40.693576388888935
120 -67.96562499999992
121 -863.8102430555555
122 -61.25902777777776
123 -53.99444444444448
124 -52.38315972222224
125 -28.342013888888918
126 -806.7706597222223
127 -20.637152777777846
128 -785.742013888889
129 -16.57673611111114
130 -17.130381944444466
131 -13.721354166666677
132 -24.92847222222224
133 -13.209548611111115
134 -17.864756944444537
135 -59.58854166666667
136 -89.83489583333332
137 -17.966666666666686
138 -12.716840277777795
139 -864.2258680555556
140 -12.461805555555566
141 -19.601909722222317
142 -11.068402777777806
143 -804.1614583333334
144 -90.48090277777771
145 -11.936284722222222
146 -12.455729166666666
147 -76.7472222222221
148 -13.937500000000014
149 -52.43142361111111
150 -10.636805555555577
151 -13.516840277777789
152 -11.966840277777811
153 -19.147916666666752
