1 -801.2322916666667
2 -966.0342013888888
3 -950.1678819444444
4 -982.7647569444445
5 -989.7248263888889
6 -984.5987847222223
7 -983.7576388888889
8 -984.384375
9 -984.2590277777778
10 -982.7581597222222
11 -1239.440451388889
12 -1245.3338541666667
13 -312.1590277777785
14 -325.51440972222224
15 -172.8203125000013
16 -1161.7602430555555
17 -784.5270833333344
18 -792.3784722222231
19 -710.0270833333333
20 -356.39670138888886
21 -1097.3602430555557
22 -61.66579861110977
23 -42.394618055555306
24 -42.70225694444417
25 -71.8088541666658
26 -65.1878472222224
