1 -717.2298611111112
2 -723.7380208333334
3 -903.7828125
4 -1000.0
5 -979.2451388888888
6 -985.0902777777778
7 -988.2404513888889
8 -984.4470486111111
9 -980.9571180555556
10 -434.15034722222794
11 -427.0125000000054
12 -515.4279513888904
13 -981.1583333333333
14 -770.6510416666666
15 -772.7291666666666
16 -1152.0694444444443
17 -981.6300347222223
18 -1534.915798611111
19 -974.5611111111111
20 -1362.6024305555554
21 -1134.0477430555557
22 -976.8371527777778
23 -976.6161458333333
24 -981.3628472222222
25 -1045.9661458333333
26 -982.4612847222222
27 -1508.3878472222173
28 -1475.301736111111
29 -2351.161458333333
30 -1649.9463541666541
31 -1263.664930555547
32 -1445.4479166666622
33 -968.3861111111111
34 -970.9854166666667
35 -973.7166666666667
36 -983.8994791666667
37 -973.2548611111112
38 -973.7826388888889
39 -970.0222222222222
40 -981.0956597222222
41 -967.5053819444445
42 -980.0434027777778
43 -970.2333333333333
44 -959.8756944444445
45 -982.8043402777778
46 -973.28125
47 -180.72881944444518
48 -560.8821180555553
49 -200.90451388889088
50 -82.15225694444224
51 -146.91336805555693
52 -138.066840277777
53 -279.6612847222381
54 -166.95572916666904
55 -143.1913194444429
56 -188.02187499999948
57 -164.65156250000334
58 -99.16249999999769
59 -186.60972222222213
60 -100.28298611110881
61 -94.57413194444165
62 -188.635069444444
63 -159.66371527778335
64 -154.7916666666685
65 -152.25659722222372
66 -100.38055555555466
67 -83.3776041666646
68 -100.27829861111022
69 -84.12187499999777
70 -152.1967013888904
71 -151.5161458333345
72 -763.414930555558
73 -14.027951388888908
74 -19.62604166666668
75 -928.2453125
76 -84.55451388888889
77 -15.167534722222234
78 -18.087152777777778
79 -75.13819444444448
80 -15.954166666666683
81 -753.4420138888889
82 -16.11111111111118
83 -12.68125000000001
84 -18.769618055555643
85 -16.039062500000057
86 -33.800694444444545
87 -38.30104166666663
88 -36.298090277777796
89 -549.918923611111
90 -36.07638888888891
91 -76.99114583333211
92 -999.703125
93 -595.1317708333335
94 -84.32031249999815
95 -67.9555555555546
96 -49.89583333333284
97 -49.40833333333279
98 -55.89756944444378
99 -105.331249999997
100 -58.132465277777285
101 -21.559895833333353
102 -532.6137152777789
103 -30.865625000000094
104 -837.7109375000005
105 -124.4913194444436
106 -197.59756944444405
107 -197.9189236111108
108 -43.403125000000045
109 -857.3713541666666
110 -933.8265625000013
111 -716.0340277777777
112 -834.5086805555555
113 -827.5123263888888
114 -16.833159722222238
115 -843.0157986111111
116 -159.05121527777777
117 -939.7244791666667
118 -868.8175347222223
119 -142.34809027777797
120 -935.5418402777777
121 -940.4171875
122 -875.8864583333333
123 -943.6168402777778
124 -150.48090277777754
125 -154.74913194444417
126 -103.85989583333324
127 -847.109375
128 -1000.0
129 -989.5763888888889
130 -859.3670138888889
131 -860.2378472222222
132 -600.6206597222223
133 -929.762673611111
134 -989.3125
135 -917.7227430555556
136 -965.8131944444444
137 -982.4381944444444
138 -981.7883680555556
139 -999.9835069444445
140 -981.8873263888889
141 -974.2444444444444
142 -973.9211805555556
143 -988.6032986111111
144 -976.7876736111111
145 -988.1414930555555
146 -861.8904513888889
147 -832.6746527777777
148 -964.4706597222222
149 -937.2505208333333
150 -974.8381944444444
151 -988.2074652777778
152 -936.9569444444444
153 -17.991840277777808
154 -860.709548611111
155 -156.60590277777777
156 -17.229513888888896
157 -977.1999999999999
158 -976.8074652777777
159 -987.6137152777778
160 -919.4578125
161 -925.9824652777777
162 -925.2567708333333
163 -998.7960069444445
164 -981.8279513888889
165 -979.5815972222222
166 -925.0918402777781
167 -935.2482638888889
168 -972.3213541666667
169 -999.109375
170 -987.3993055555555
171 -989.5434027777778
172 -988.9496527777778
173 -980.0994791666667
174 -19.30121527777787
175 -997.1467013888889
176 -20.27743055555556
177 -29.136111111111127
178 -912.7682291666667
179 -35.829513888888926
180 -33.601909722222224
181 -124.56597222222243
182 -108.98125000000016
183 -129.33541666666682
184 -126.92274305555571
185 -805.4413194444446
186 -837.7083333333333
187 -87.6289930555555
188 -845.3083333333333
189 -124.09965277777783
190 -119.83732638888891
191 -96.05659722222231
192 -129.1065972222223
193 -117.94444444444468
194 -119.48541666666675
195 -38.97343749999999
196 -264.24409722222214
197 -85.01874999999995
198 -782.3180555555555
199 -222.0017361111112
200 -129.54548611111107
201 -111.23836805555531
202 -126.3668402777776
203 -123.76909722222203
204 -122.40086805555556
205 -119.89947916666662
206 -121.01579861111115
207 -139.55572916666674
208 -120.66753472222241
209 -118.3963541666669
210 -134.26128472222214
211 -151.91562500000003
212 -963.1248263888889
213 -957.0355902777777
214 -963.9824652777778
215 -963.8010416666666
216 -969.5769097222222
217 -129.4340277777781
218 -968.5411458333333
219 -958.8828125
220 -965.8164930555555
221 -133.18020833333355
222 -215.85729166666673
223 -129.48177083333366
224 -965.6878472222222
225 -958.0086805555555
226 -129.68854166666674
227 -132.4923611111113
228 -125.00833333333331
229 -128.6423611111113
230 -130.13281250000017
231 -131.98993055555565
232 -964.2067708333333
233 -962.3430555555556
234 -126.88420138888908
235 -928.7302083333335
236 -128.31458333333353
237 -125.29479166666677
238 -128.57413194444456
239 -204.90694444444492
240 -941.7531250000001
241 -143.89131944444446
242 -871.2904513888893
243 -874.733680555556
244 -877.5354166666674
245 -128.832986111111
246 -961.1291666666666
247 -99.70833333333323
248 -114.28298611111087
249 -121.68454861111098
250 -113.28906249999974
251 -24.162673611111156
252 -23.949305555555615
253 -864.1335069444449
254 -21.92899305555559
255 -932.7083333333336
256 -27.667881944444503
257 -34.1762152777778
258 -23.124826388888916
259 -34.10625000000005
260 -882.2098958333337
261 -63.2394097222213
262 -888.038541666667
263 -118.45243055555557
264 -56.046527777777776
265 -108.73958333333351
266 -36.14513888888898
267 -111.24045138888906
268 -734.4244791666666
269 -33.108333333333384
270 -35.77361111111106
271 -911.8446180555562
272 -103.28038194444466
273 -34.52812500000005
274 -49.028124999999996
275 -100.56684027777796
276 -102.61631944444468
277 -30.48854166666671
278 -49.680034722221826
279 -69.21649305555557
280 -112.33784722222134
281 -87.663888888889
282 -597.0984375000018
283 -697.1076388888888
284 -34.52604166666672
285 -78.14565972222223
286 -97.08263888888874
287 -90.63628472222206
288 -834.3140625000001
289 -94.18663194444426
290 -38.20989583333338
291 -97.38506944444428
292 -38.50954861111115
293 -157.46319444444447
294 -39.109201388888906
295 -40.76979166666669
296 -78.5489583333333
297 -32.80034722222234
