1 -36.607986111111146
2 -735.9362847222222
3 -799.137673611111
4 -925.4019097222223
5 -986.9144097222222
6 -985.9545138888889
7 -986.614236111111
8 -986.9045138888889
9 -978.3578125
10 -988.1381944444445
11 -986.5779513888889
12 -985.9743055555556
13 -970.7545138888889
14 -984.1270833333333
15 -990.9453125
16 -1422.5376736111111
17 -1330.3729166666667
18 -983.7147569444444
19 -1998.3486111111101
20 -2119.3796874999953
21 -1757.4541666666678
22 -2888.9527777777635
23 -1861.5680555555546
24 -1996.9137152777778
25 -1713.7189236111028
26 -1911.4361111111118
27 -1849.2546874999982
28 -1922.90607638889
29 -1796.3017361111024
30 -979.5486111111111
31 -984.5789930555555
32 -989.7973958333334
33 -940.8855902777777
34 -945.5168402777778
35 -981.5574652777777
36 -953.3807291666666
37 -819.0217013888889
38 -810.95
39 -11.345312499999993
40 -886.0758680555557
41 -891.6208333333333
42 -822.0564236111114
43 -11.959374999999985
44 -967.5251736111113
45 -944.6973958333334
46 -12.456423611111093
47 -853.6390625000004
48 -967.7923611111112
49 -901.612326388889
50 -901.0647569444443
51 -1010.0982638888892
52 -968.5081597222224
53 -842.2835069444444
54 -843.2697916666666
55 -867.5237847222224
56 -114.17864583333338
57 -890.2269097222222
58 -914.4835069444448
59 -895.0315972222223
60 -877.7633680555555
61 -988.7105902777776
62 -15.939062500000077
63 -878.8651041666668
64 -956.9366319444442
65 -909.1199652777775
66 -1061.3857638888885
67 -952.4736111111109
68 -971.1404513888886
69 -1051.7616319444446
70 -951.55
71 -843.0817708333334
72 -903.9576388888893
73 -29.35677083333332
74 -912.8803819444445
75 -901.5463541666667
76 -932.3572916666668
77 -968.0628472222223
78 -106.79166666666681
79 -902.2885416666668
80 -28.173784722222234
81 -971.3647569444447
82 -891.1887152777778
83 -938.071875
84 -970.3322916666671
85 -961.2347222222222
86 -970.236631944445
87 -966.9380208333338
88 -1130.2154513888888
89 -980.6805555555559
90 -963.9461805555559
91 -424.3935763888884
92 -66.87795138888897
93 -419.1328125
94 -51.95416666666668
95 -1739.9888888888888
96 -1746.195833333333
97 -2487.8499999999963
98 -61.89548611111123
99 -1481.0312500000018
100 -1484.27951388889
101 -433.9321180555553
102 -1625.500520833331
103 -935.966840277778
104 -1833.41579861111
105 -1003.6717013888889
106 -1256.9510416666667
107 -484.0265624999996
108 -1382.73767361111
109 -1408.2060763888885
110 -679.2880208333286
111 -1386.804166666665
112 -65.18281249999967
113 -1097.492013888889
114 -65.72552083333302
115 -979.529513888891
116 -908.4008680555554
117 -671.3904513888888
118 -904.3237847222217
119 -950.4152777777778
120 -1016.6456597222223
121 -36.4137152777778
122 -142.3407986111112
123 -824.8894097222224
124 -865.2682291666666
125 -840.0772569444445
126 -42.89861111111113
127 -1057.298263888888
128 -44.00364583333329
129 -41.95260416666672
130 -46.34079861111116
131 -56.247395833333215
132 -549.9486111111111
133 -36.747569444444416
134 -84.71336805555492
135 -582.6366319444444
136 -867.361458333332
137 -34.52170138888897
138 -407.7456597222219
139 -394.6310763888888
140 -584.3914930555555
141 -42.17326388888878
142 -67.6072916666664
143 -779.8111111111111
144 -68.16111111111074
145 -70.57222222222128
146 -648.0564236111112
147 -645.0723958333333
148 -959.1763888888889
149 -14.018402777777835
150 -749.8828125
151 -93.56024305555509
152 -70.10138888888767
153 -760.3789930555554
154 -1017.1395833333336
155 -174.82638888888874
156 -1213.9635416666715
157 -43.48211805555563
158 -791.8670138888887
159 -771.9163194444441
160 -174.8513888888886
161 -1126.6722222222224
162 -155.70937499999948
163 -801.8758680555551
164 -975.4203124999997
165 -877.1262152777782
166 -69.9406249999999
167 -889.7307291666666
168 -861.533680555555
169 -859.0279513888884
170 -93.9692708333336
171 -911.5798611111114
172 -856.1319444444441
173 -860.6843749999996
174 -84.52465277777787
175 -74.57204861111119
176 -110.18645833333225
177 -720.3008680555556
178 -946.8786458333334
179 -650.3375000000002
180 -73.18593749999945
181 -967.5836805555557
182 -604.6111111111092
183 -605.5078124999986
184 -604.5074652777765
185 -836.3942708333332
186 -872.685937499999
187 -69.75607638888847
188 -770.9059027777776
189 -72.2918402777775
190 -839.1177083333332
191 -853.9633680555557
192 -774.8682291666668
193 -717.0180555555554
194 -630.9581597222216
195 -142.6487847222244
196 -687.1769097222202
197 -670.2907986111109
198 -199.82812500000705
199 -668.551736111111
200 -694.6717013888888
201 -123.14670138888836
202 -682.5600694444428
203 -668.7520833333318
204 -791.139236111111
205 -162.70399305556052
206 -840.8524305555545
207 -747.2944444444443
208 -180.72934027777808
209 -216.64687500000664
210 -952.5809027777875
211 -876.5149305555567
212 -743.9430555555621
213 -789.2756944444446
214 -744.8664930555551
215 -328.80659722222805
216 -753.48645833334
217 -189.86006944444932
218 -699.7243055555598
219 -277.1003472222233
220 -699.1272569444478
221 -585.9467013888881
222 -45.21909722222199
223 -250.469618055555
224 -654.1395833333345
225 -613.8472222222214
226 -636.3355902777771
227 -629.6527777777768
228 -613.4442708333324
229 -220.9072916666665
230 -814.1298611111115
231 -75.22864583333255
232 -79.65746527777672
233 -57.52395833333276
234 -584.371701388889
235 -101.33854166666606
236 -553.4052083333331
237 -27.19826388888895
238 -82.79774305555573
239 -64.62291666666661
240 -718.4800347222223
241 -59.82222222222198
242 -573.586631944444
243 -67.80746527777778
244 -22.479687500000082
245 -53.36423611111097
246 -82.4427083333327
247 -51.48854166666669
248 -74.91562499999935
249 -65.74982638888854
250 -566.4295138888884
251 -52.91249999999973
252 -78.4651041666663
253 -655.766840277777
254 -39.3085069444445
255 -164.93750000000136
256 -31.036111111111182
257 -42.817708333333
258 -33.4692708333334
259 -425.135416666668
260 -43.313541666666566
261 -50.21736111111078
262 -76.23246527777626
263 -580.7696180555557
264 -66.92482638888862
265 -43.8604166666665
266 -554.2026041666668
267 -69.75086805555434
268 -68.49114583333215
269 -547.2116319444445
270 -111.71927083333232
271 -109.28350694444413
272 -545.960590277778
273 -26.183159722222225
274 -24.067708333333314
275 -695.3996527777778
276 -34.89097222222225
277 -708.8381944444445
278 -63.05260416666556
279 -43.36840277777775
280 -543.1500000000001
281 -21.15156250000012
282 -52.53003472222221
283 -660.4739583333334
284 -747.0592013888888
285 -29.068402777777834
286 -50.692187499999925
287 -17.158680555555634
288 -734.3958333333333
289 -30.667881944444613
290 -40.857986111110975
291 -12.947743055555597
292 -38.005729166666534
293 -36.94114583333342
294 -38.46041666666677
295 -652.4682291666668
296 -30.20694444444461
297 -656.987326388889
298 -119.2434027777775
299 -21.786111111111182
300 -553.348263888889
301 -32.576215277777834
302 -40.07100694444457
303 -44.38090277777748
304 -45.39583333333322
305 -47.176736111111005
306 -50.069791666666795
307 -35.92517361111114
308 -555.7689236111112
309 -33.758854166666715
310 -26.61371527777782
311 -46.35850694444453
312 -85.10190972222162
313 -45.753819444444595
314 -44.57673611111117
315 -44.03940972222234
316 -32.181423611111306
