1 -957.1213541666666
2 -903.3375
3 -797.5807291666666
4 -990.8199652777778
5 -986.3305555555555
6 -986.2909722222222
7 -984.6515625
8 -986.2217013888888
9 -985.9083333333333
10 -984.9913194444445
11 -986.3470486111111
12 -986.3206597222222
13 -987.8314236111111
14 -985.4201388888889
15 -985.7994791666666
16 -984.325
17 -989.8105902777778
18 -985.5388888888889
19 -982.8868055555556
20 -986.2942708333334
21 -986.4954861111111
22 -19.14131944444451
23 -27.36423611111115
24 -38.965972222222284
25 -72.68159722222222
26 -60.83038194444451
27 -53.38159722222226
28 -43.469097222222175
29 -49.21805555555549
30 -18.986111111111132
31 -17.109548611111162
32 -25.10972222222224
33 -801.0211805555556
34 -31.877951388888928
35 -17.654861111111195
36 -33.36961805555555
37 -908.8296875
38 -13.768055555555588
39 -914.6088541666667
40 -908.7901041666667
41 -35.32743055555542
42 -801.5489583333333
43 -46.04583333333301
44 -746.7359374999997
45 -20.01128472222234
46 -69.25399305555494
47 -743.3878472222219
48 -70.48802083333266
49 -767.7777777777776
50 -746.1652777777779
51 -46.98611111111076
52 -41.986979166666465
53 -79.28732638888884
54 -587.9704861111112
55 -29.639236111111202
56 -32.17395833333343
57 -39.21423611111097
58 -25.36788194444454
59 -697.6690972222223
60 -28.01128472222227
61 -41.212847222222265
62 -28.349826388889003
63 -22.564756944444483
64 -745.6770833333334
65 -19.43906250000009
66 -20.48871527777788
67 -759.320138888889
68 -758.2546875
69 -15.063020833333344
70 -15.909548611111191
71 -786.5930555555556
72 -18.933680555555657
73 -758.4559027777779
74 -18.924305555555666
75 -20.898090277777893
76 -20.976562500000107
77 -14.025868055555593
78 -45.894791666666244
79 -35.33749999999997
80 -41.90121527777761
81 -185.35798611111116
82 -222.53993055555532
83 -667.4288194444446
84 -975.7782986111112
85 -966.4069444444444
86 -978.8064236111111
87 -981.7322916666667
88 -991.8689236111111
89 -984.4503472222223
90 -992.0173611111111
91 -991.5060763888889
92 -1215.2128472222223
93 -1045.13611111111
94 -640.3241319444409
95 -143.09236111111102
96 -50.1998263888885
97 -591.9824652777772
98 -80.58020833333278
99 -170.723090277778
100 -79.3081597222218
101 -128.82361111111055
102 -129.30347222222156
103 -117.28645833333276
104 -83.57326388888889
105 -20.290625000000077
106 -61.92256944444434
107 -122.95972222222241
108 -20.669270833333414
109 -755.0385416666667
110 -927.3876736111112
111 -927.0314236111111
112 -119.57291666666684
113 -826.3677083333331
114 -929.0633680555555
115 -985.2881944444445
116 -983.0352430555556
117 -994.8046875
118 -839.3312499999997
119 -21.998437500000083
120 -22.64756944444453
121 -21.79618055555565
122 -21.298611111111157
123 -36.66249999999983
124 -921.8592013888889
125 -19.96250000000006
126 -23.37118055555562
127 -754.6031250000001
128 -731.6480902777779
129 -25.91805555555569
130 -220.71684027777775
131 -489.9885416666679
132 -493.3592013888901
133 -322.8784722222215
134 -421.6675347222215
135 -419.3767361111103
136 -88.2348958333326
137 -116.55104166666598
138 -72.89479166666584
139 -90.626736111111
140 -73.45104166666587
141 -87.11545138888869
