1 -919.6293402777778
2 -773.7944444444445
3 -755.9291666666667
4 -976.4116319444445
5 -977.9157986111111
6 -978.3017361111112
7 -948.8385416666666
8 -973.7595486111111
9 -967.1458333333335
10 -907.2034722222222
11 -950.1282986111111
12 -854.8512152777777
13 -955.8909722222222
14 -980.109375
15 -955.2279513888889
16 -957.784375
17 -956.2241319444445
18 -963.8373263888889
19 -976.1873263888889
20 -972.773263888889
21 -975.3395833333333
22 -982.220486111111
23 -984.7670138888889
24 -981.6333333333331
25 -980.5909722222223
26 -977.9619791666667
27 -977.3154513888888
28 -971.5329861111111
29 -973.578125
30 -982.3227430555555
31 -985.15625
32 -971.6715277777777
33 -980.2017361111111
34 -978.5458333333333
35 -948.640625
36 -979.0868055555555
37 -977.0944444444444
38 -976.1840277777778
39 -969.5142361111111
40 -967.3701388888888
41 -935.5913194444445
42 -970.4411458333334
43 -1122.720138888889
44 -1025.2713541666667
45 -975.3659722222221
46 -959.5491319444445
47 -979.0001736111112
48 -977.4493055555556
49 -1038.5918402777777
50 -971.0942708333334
51 -972.3807291666667
52 -975.2736111111112
53 -1055.5593749999998
54 -914.4175347222222
55 -952.4472222222224
56 -977.2857638888888
57 -951.0862847222224
58 -968.7555555555556
59 -946.9847222222224
60 -955.9668402777777
61 -958.4572916666666
62 -1039.6078125000004
63 -923.8993055555554
64 -933.4265625
65 -951.5994791666665
66 -975.2967013888889
67 -967.8215277777779
68 -973.0833333333334
69 -974.2213541666667
70 -974.2543402777778
71 -973.6803819444444
72 -967.7392361111113
73 -970.6159722222221
74 -967.911111111111
75 -912.5373263888891
76 -1320.0427083333343
77 -900.3536458333335
78 -974.1157986111111
79 -989.7522569444444
80 -970.0057291666665
81 -977.8399305555556
82 -893.6428819444446
83 -836.5769097222224
84 -853.6076388888891
85 -854.7423611111113
86 -911.7555555555555
87 -911.7225694444444
88 -927.823090277778
89 -959.4336805555557
90 -1091.3506944444446
91 -924.8213541666669
92 -956.8289930555555
93 -79.55989583333341
94 -954.0998263888889
95 -904.7559027777777
96 -984.4836805555556
97 -102.57725694444464
98 -40.60937500000003
99 -823.1944444444446
100 -911.504861111111
101 -77.17968750000001
102 -93.67968750000013
103 -838.6451388888888
104 -848.5112847222221
105 -955.5842013888889
106 -103.11649305555571
107 -948.878125
108 -922.1645833333332
109 -841.4027777777778
110 -123.90434027777782
111 -902.9878472222226
112 -895.8298611111113
113 -951.286111111111
114 -901.8861111111114
115 -872.0633680555559
116 -871.3640625000003
117 -962.0725694444452
118 -107.17222222222229
119 -911.3069444444446
120 -880.4979166666666
121 -907.8697916666667
122 -69.46614583333343
123 -71.1987847222223
124 -880.593576388889
125 -887.7482638888889
126 -868.9197916666667
127 -834.6571180555559
128 -815.3239583333336
129 -839.1993055555554
130 -232.43559027777806
131 -240.87916666666692
132 -238.72413194444476
133 -945.3046875000001
134 -893.6659722222221
135 -73.16510416666664
136 -952.1635416666667
137 -902.4468749999999
138 -72.01267361111103
139 -203.1437500000004
140 -948.3833333333333
141 -919.1444444444445
142 -927.5361111111112
143 -45.90572916666671
144 -921.8262152777778
145 -973.254861111111
146 -927.2425347222224
147 -874.2625
148 -880.668923611111
149 -171.31562500000032
150 -927.7562500000004
151 -975.8541666666667
152 -964.6421875
153 -900.9034722222224
154 -972.5621527777778
155 -950.1810763888889
156 -40.770833333333364
157 -926.25625
158 -924.4848958333334
159 -942.1762152777777
160 -984.8885416666667
161 -962.6522569444444
162 -938.6293402777779
163 -818.3256944444446
164 -820.5456597222224
165 -861.6364583333334
166 -267.398263888889
167 -75.75868055555559
168 -878.2416666666668
169 -297.3442708333333
170 -787.1274305555557
171 -890.7862847222223
172 -86.40486111111098
173 -899.8046875000002
174 -907.3387152777779
175 -949.6598958333334
176 -956.4946180555557
177 -917.4984375
178 -970.3331597222225
179 -1016.057465277778
180 -857.3581597222222
181 -1044.4494791666668
182 -1033.9269097222227
183 -955.3170138888889
184 -960.6145833333335
185 -42.77916666666664
186 -974.2543402777778
187 -941.3869791666667
188 -902.3842013888889
189 -909.6741319444444
190 -251.3807291666667
191 -987.4956597222222
192 -975.9234375
193 -971.9815972222224
194 -827.314409722222
195 -828.0499999999998
196 -976.127951388889
197 -928.9017361111112
198 -1207.943402777778
199 -933.1371527777779
200 -979.5222222222222
201 -965.6317708333333
202 -66.92690972222215
203 -980.2829861111111
204 -969.7088541666667
205 -963.0852430555556
206 -50.41649305555553
207 -932.6060763888889
208 -973.5814236111112
209 -982.1095486111112
210 -975.7947916666667
211 -973.4182291666666
212 -972.4664930555556
213 -973.0470486111111
214 -762.6986111111114
215 -767.2322916666669
216 -978.5227430555556
217 -990.7185763888889
218 -786.1279513888888
219 -973.2383680555555
220 -975.069097222222
221 -983.0616319444443
222 -973.4527777777778
223 -1043.5340277777777
224 -969.5505208333333
225 -127.99062499999997
226 -972.9315972222224
227 -1366.4539930555557
228 -147.9402777777778
229 -979.0010416666667
230 -969.1810763888889
231 -967.8748263888888
232 -1031.834027777778
233 -148.1850694444444
234 -943.0548611111116
235 -977.140625
236 -942.2595486111115
237 -972.1498263888891
238 -977.1208333333333
239 -958.1109375000001
240 -974.1982638888887
241 -967.0897569444445
242 -979.0274305555556
243 -977.1373263888888
244 -971.5527777777779
245 -967.9243055555555
246 -969.5439236111113
247 -977.707986111111
248 -974.0531249999999
249 -972.1333333333334
250 -977.7376736111113
251 -1075.5423611111114
252 -994.7439236111111
253 -971.1008680555553
254 -1210.5869791666669
255 -1007.6335069444452
256 -1269.148263888889
257 -975.3164930555557
258 -1137.5803819444448
259 -1262.4281250000001
260 -1020.4888888888889
261 -982.6888888888888
262 -1265.038888888889
263 -951.0255208333333
264 -977.4550347222225
265 -1021.6253472222222
266 -1210.895138888889
267 -1137.4913194444448
268 -1149.6281249999997
269 -956.629861111113
270 -906.7812500000009
271 -1195.6918402777821
272 -1246.905208333334
273 -1178.5456597222228
274 -918.3263888888899
275 -33.89826388888906
276 -39.431076388888755
277 -876.9486111111111
278 -740.115625
279 -115.52656249999966
280 -113.25642361111109
281 -802.9013888888888
282 -110.48888888888902
283 -146.76215277777797
284 -151.16614583333353
285 -113.54045138888883
286 -45.310590277777216
287 -41.00138888888874
288 -204.03506944444462
289 -766.913020833334
290 -156.76093749999924
291 -1202.1074652777784
292 -1077.249652777779
293 -891.3008680555556
294 -147.32760416666667
295 -704.7619791666667
296 -814.0638888888889
297 -1223.7697916666675
298 -195.24583333333328
299 -205.80347222222235
300 -771.05
301 -207.23194444444457
302 -823.1317708333332
303 -884.3935763888888
304 -1265.0857638888915
305 -968.8050347222222
306 -633.4781250000001
307 -920.9718750000001
308 -962.0098958333333
309 -920.4111111111112
310 -888.2430555555557
311 -920.0383680555556
312 -866.9571180555557
313 -867.3133680555558
314 -836.5815972222222
315 -397.8989583333335
316 -1178.2703125000007
317 -1159.5017361111118
318 -319.35225694444466
319 -746.8189236111108
320 -323.3668402777779
321 -811.1050347222222
322 -280.04305555555544
323 -844.0468749999997
324 -239.35381944444433
325 -816.0595486111108
326 -739.6802083333334
327 -731.6645833333332
328 -810.3100694444444
329 -201.96857638888886
330 -754.3210069444443
331 -279.23454861111094
332 -219.47031250000006
333 -289.9706597222224
334 -767.3442708333334
335 -925.422048611111
336 -831.3326388888893
337 -796.1557291666664
338 -803.7090277777777
339 -802.2548611111113
340 -225.00555555555567
341 -272.2005208333331
342 -880.2284722222205
343 -1084.038715277778
344 -607.8678819444443
345 -884.0928819444439
346 -297.43767361111105
347 -907.3272569444458
348 -299.7798611111105
349 -922.73628472222
350 -901.7847222222231
351 -909.1276041666679
352 -263.8446180555557
353 -285.00624999999997
354 -744.628125
355 -903.3946180555561
356 -889.7343750000016
357 -345.0852430555555
358 -966.6918402777799
359 -912.0829861111122
360 -910.5343750000011
361 -1058.791319444446
362 -922.7475694444445
363 -1009.7902777777786
364 -1055.6776041666683
365 -379.7789930555554
366 -920.5770833333336
367 -442.80781250000047
368 -396.09010416666604
369 -402.7194444444452
370 -939.4338541666689
371 -923.8276041666685
372 -1118.1861111111098
373 -812.3749999999999
374 -1106.7401041666685
375 -777.8130208333332
376 -804.837673611111
377 -967.7230902777778
378 -963.9956597222222
379 -804.6237847222224
380 -941.8286458333358
381 -418.9072916666672
382 -441.19965277777806
383 -478.65625000000045
384 -1091.4078125000017
385 -873.771875000001
386 -898.6434027777776
387 -845.1807291666664
388 -1049.6536458333344
389 -887.5569444444455
390 -386.97447916666636
391 -451.097569444444
392 -418.06145833333284
393 -346.090625
394 -915.3343750000023
395 -801.9404513888892
396 -321.98767361111186
397 -800.0902777777775
398 -318.9850694444445
399 -237.89305555555543
400 -304.77951388888897
401 -869.5204861111126
402 -800.6928819444454
403 -403.59097222222056
404 -836.985243055555
405 -287.1260416666665
406 -839.6409722222218
407 -237.71684027777755
408 -797.1795138888898
409 -402.43819444444415
410 -824.9550347222237
411 -792.6748263888899
412 -942.3848958333334
413 -939.7784722222225
414 -951.1364583333342
415 -354.6439236111114
416 -354.20121527777746
417 -799.0637152777778
418 -419.76996527777857
419 -1176.0496527777777
420 -432.36371527777817
421 -640.5071180555553
422 -147.11788194444412
423 -84.0965277777777
424 -195.8361111111101
425 -188.72795138888839
426 -1025.6342013888902
427 -292.43611111111096
428 -987.7078125000015
429 -191.24392361110992
430 -292.7881944444442
431 -248.1118055555557
432 -233.73541666666677
433 -906.1118055555559
434 -235.90017361111117
435 -753.8111111111112
436 -186.0755208333334
437 -1018.9963541666666
438 -737.3638888888888
439 -218.3828124999997
440 -761.2527777777776
441 -757.171527777778
442 -191.9480902777773
443 -952.6022569444444
444 -1052.5277777777806
445 -1017.4010416666666
446 -963.7449652777797
447 -217.48454861111122
448 -224.148611111111
449 -142.3560763888884
450 -225.67673611111059
451 -188.36527777777772
452 -170.90243055555553
453 -783.5578124999997
454 -859.678472222222
455 -840.5677083333337
456 -845.5508680555563
457 -789.7741319444448
458 -185.81527777777728
459 -714.4524305555553
460 -198.2878472222217
461 -717.7881944444441
462 -766.2901041666665
463 -217.51527777777775
464 -769.7482638888895
465 -188.32847222222213
466 -627.4552083333335
467 -690.1977430555554
468 -919.7480902777778
469 -760.9793402777777
470 -762.9980902777778
471 -685.1508680555554
472 -757.565277777778
473 -121.88697916666649
474 -755.8845486111118
475 -718.6482638888893
476 -744.8098958333335
477 -200.55468750000034
478 -259.52708333333345
479 -880.7765624999998
480 -914.325
481 -205.36562500000022
482 -699.1704861111111
483 -24.643576388888953
484 -13.034375000000043
485 -882.5925347222222
486 -13.147048611111146
487 -70.3921874999999
488 -884.8190972222222
489 -755.8335069444444
490 -870.6614583333333
491 -200.50173611111336
492 -797.4904513888891
493 -628.4328124999997
494 -120.39843749999936
495 -815.0154513888895
496 -620.2477430555555
497 -210.1458333333333
498 -865.6541666666667
499 -950.9067708333333
500 -952.6616319444445
501 -760.192013888889
502 -180.40190972222197
503 -824.9624999999999
504 -96.24826388888859
505 -817.2569444444445
506 -905.7586805555555
507 -1348.0925347222233
508 -191.8309027777779
509 -835.93107638889
510 -1010.4973958333334
511 -402.43697916666696
512 -1006.8102430555556
513 -899.6430555555555
514 -962.8131944444434
515 -163.216145833334
516 -620.1897569444445
517 -771.8220486111106
518 -164.58940972222285
519 -888.6798611111112
520 -1214.8814236111114
521 -234.5781250000002
522 -228.16388888888886
523 -989.1715277777779
524 -178.13315972222406
525 -138.7496527777778
526 -204.8322916666671
527 -799.2717013888889
528 -617.8602430555555
529 -619.8449652777779
530 -297.03211805555515
531 -883.3572916666665
532 -322.86440972222204
533 -1000.2527777777793
534 -476.18593749999997
535 -1015.7875000000013
536 -890.9927083333337
537 -882.3913194444448
538 -966.7628472222226
539 -411.62361111111153
540 -966.1609375000006
541 -868.7218750000003
542 -239.73124999999982
543 -890.434895833333
544 -874.2635416666661
545 -859.8321180555556
546 -856.9689236111112
547 -1096.6199652777782
548 -933.615451388889
549 -924.2803819444453
550 -479.43871527777833
551 -898.198263888889
552 -450.3140625000006
553 -930.0862847222218
554 -797.8050347222222
555 -407.83524305555557
556 -862.3390625000002
557 -793.1753472222244
558 -1141.9548611111136
559 -399.9168402777782
560 -801.7270833333336
561 -357.3017361111114
562 -344.0079861111112
563 -398.01093750000035
564 -882.1722222222229
565 -892.5972222222223
566 -705.7652777777778
567 -959.1894097222223
568 -810.1510416666665
569 -896.46875
570 -176.63368055555577
571 -39.22395833333322
572 -165.90034722222228
573 -861.0154513888888
574 -234.05416666666633
575 -796.1809027777781
576 -310.41163194444465
577 -1182.0652777777786
578 -950.0307291666669
579 -805.7034722222221
580 -809.6569444444444
581 -976.8404513888889
582 -835.7185763888886
583 -285.42222222222244
584 -392.28003472222247
585 -402.3845486111117
586 -388.37760416666697
587 -459.09861111111206
588 -411.33038194444487
589 -1085.5236111111117
590 -876.9633680555562
591 -881.8366319444443
592 -392.5907986111122
593 -439.7121527777778
594 -387.7876736111113
595 -543.0807291666663
596 -833.689409722223
597 -394.146527777778
598 -1013.5199652777812
599 -434.76440972222304
600 -830.3656250000005
601 -398.6197916666659
602 -341.3281249999996
603 -982.0019097222216
604 -864.8359374999984
605 -858.2586805555553
606 -879.1515624999996
607 -876.9156249999995
608 -413.03420138888913
609 -475.9720486111113
610 -878.155902777778
611 -454.04409722222215
612 -846.5321180555545
613 -812.1012152777778
614 -431.8769097222229
615 -919.0190972222218
616 -975.1350694444444
617 -896.5489583333335
618 -931.6395833333335
619 -1132.2163194444443
620 -924.8708333333333
621 -936.3335069444449
622 -1088.2026041666668
623 -1245.3189236111098
624 -930.7489583333335
625 -936.7260416666672
626 -1103.9083333333338
627 -1003.3678819444448
628 -958.938888888889
629 -968.7390624999999
630 -922.291319444445
631 -892.5418402777782
632 -924.4980902777781
633 -1094.141840277779
634 -549.9432291666665
635 -554.3373263888891
636 -949.9687499999997
637 -790.5019097222225
638 -452.5052083333337
639 -1161.1501736111104
640 -883.1782986111118
641 -1166.3623263888862
642 -873.4295138888889
643 -820.983680555556
644 -1156.137673611109
645 -713.8763888888886
646 -1057.331249999998
647 -1242.4414930555558
648 -1137.3911458333318
649 -973.2383680555556
650 -1002.1885416666667
651 -958.0878472222222
652 -1171.8373263888889
653 -1094.773958333336
654 -892.0067708333332
655 -1000.6770833333333
656 -772.125347222222
657 -781.3680555555554
658 -964.2331597222226
659 -905.0989583333337
660 -966.2057291666671
661 -964.8500000000004
662 -964.5234375000005
663 -957.5138888888894
664 -1278.4817708333412
665 -597.5567708333331
666 -952.9354166666667
667 -154.30416666666693
668 -902.4638888888887
669 -948.8152777777773
670 -178.0819444444436
671 -605.281597222222
672 -606.0055555555554
673 -1157.7444444444445
674 -1063.3333333333335
675 -968.65
676 -1162.2317708333333
677 -1064.818402777778
678 -970.4807291666667
679 -972.5786458333333
680 -1165.581076388889
681 -916.1229166666667
682 -972.80625
683 -1168.9796875
684 -960.6475694444446
685 -972.2289930555555
686 -965.7899305555555
687 -1324.1961805555554
688 -973.2977430555555
689 -975.7255208333333
690 -856.0949652777776
691 -1079.5092013888889
692 -926.3390625
693 -843.7430555555555
694 -958.5677083333312
695 -964.0626736111113
696 -837.6281250000002
697 -1164.89513888889
698 -971.301909722223
699 -627.2232638888886
700 -692.8984374999994
701 -624.072222222222
702 -1055.7305555555556
703 -972.2784722222223
704 -2062.179513888884
705 -976.309375
706 -959.5059027777778
707 -1029.0697916666668
708 -1062.809548611111
709 -972.3840277777778
710 -971.975
711 -690.8838541666668
712 -973.5121527777778
713 -972.9447916666667
714 -974.3434027777778
715 -78.71927083333335
716 -1210.7385416666666
717 -939.615625
718 -937.9993055555556
719 -972.7567708333333
720 -1021.3791666666673
721 -1158.8557291666666
722 -976.7348958333333
723 -976.7810763888889
724 -972.8920138888889
725 -972.2092013888889
726 -1267.519097222222
727 -977.5496527777777
728 -1218.8798611111115
729 -1447.7182291666668
730 -1443.595659722222
731 -1259.6204861111112
732 -973.3901041666667
733 -969.6461805555555
734 -874.9277777777779
735 -1287.6930555555564
736 -1051.740277777778
737 -1111.2642361111118
738 -973.8057291666667
739 -1286.2416666666672
740 -1297.7923611111112
741 -1050.4723958333334
742 -1223.2317708333333
743 -1051.351909722222
744 -1307.4713541666667
745 -1482.0369791666667
746 -994.0211805555557
747 -973.3604166666667
748 -1116.798611111111
749 -668.0541666666668
750 -975.7980902777778
751 -959.2225694444445
752 -669.1064236111112
753 -975.4385416666667
754 -973.2053819444444
755 -1127.9272569444438
756 -1193.3444444444444
757 -667.1800347222223
758 -1501.2987847222225
759 -956.4979166666666
760 -971.5230902777778
761 -1318.0197916666666
762 -1534.808854166667
763 -1400.2843750000002
764 -1321.8604166666667
765 -1298.872048611111
766 -1388.0635416666673
767 -792.2039930555554
768 -886.7940972222223
769 -1481.3475694444446
770 -1159.5649305555562
771 -1091.884548611111
772 -2042.3717013888881
773 -1106.1406250000005
774 -1159.402951388889
775 -1393.2527777777782
776 -972.4236111111111
777 -1264.1654513888889
778 -1487.1348958333338
779 -1382.179340277778
780 -1111.174652777778
781 -1112.6711805555558
782 -969.95625
783 -1384.1769097222223
784 -730.2281249999997
785 -826.9789930555556
786 -1265.3791666666707
787 -1327.601736111102
788 -2080.3413194444447
789 -293.32725694444235
790 -1308.7565972222221
791 -1412.8253472222223
792 -514.7944444444439
793 -1379.9723958333334
794 -1488.652604166667
795 -1409.3739583333336
796 -341.09756944444206
797 -526.9185763888885
798 -343.22517361110886
799 -509.4776041666665
800 -1215.5840277777756
801 -940.6515625000002
802 -895.3342013888894
803 -376.0420138888901
804 -1371.966840277784
805 -374.2168402777791
806 -1216.7647569444403
807 -962.227604166668
808 -597.4460069444443
809 -1064.470833333332
810 -867.7512152777773
811 -864.5883680555551
812 -859.4901041666659
813 -779.2873263888887
814 -856.4942708333342
815 -969.1968750000008
816 -1260.0416666666642
817 -58.73628472222167
818 -1329.4123263888919
819 -604.0303819444449
820 -921.3725694444445
821 -939.4038194444447
822 -77.04739583333357
823 -76.62013888888903
824 -605.9305555555551
825 -1290.5048611111176
826 -605.3135416666656
827 -231.0539930555554
828 -549.403472222221
829 -914.4684027777782
830 -1196.1623263888844
831 -804.3907986111117
832 -1197.9496527777733
833 -1294.6116319444382
834 -806.7755208333344
835 -86.11927083333349
836 -100.56354166666696
837 -101.62743055555576
838 -100.9184027777781
839 -586.0939236111119
840 -810.4225694444449
841 -938.1815972222225
842 -942.0336805555562
843 -726.5196180555556
844 -823.7081597222225
845 -586.7156249999997
846 -588.018055555555
847 -535.1248263888895
848 -1161.1453125000007
849 -539.8059027777774
850 -794.7574652777778
851 -644.3215277777784
852 -1326.4572916666568
853 -810.811631944444
854 -648.6277777777788
855 -792.9824652777777
856 -605.2619791666664
857 -796.9097222222224
858 -1305.8206597222272
859 -1223.6388888888896
860 -765.4828125000001
861 -1271.6373263888877
862 -802.4890625
863 -868.7425347222229
864 -902.9348958333337
865 -120.078298611111
866 -898.187152777778
867 -810.1749999999997
868 -383.67968750000017
869 -786.0255208333333
870 -1198.022743055555
871 -1196.3453124999987
872 -803.966145833333
873 -658.8210069444445
874 -297.8335069444446
875 -851.859201388889
876 -893.2769097222213
877 -1279.850868055557
878 -984.4248263888899
879 -986.4243055555567
880 -1125.1310763888905
881 -953.5388888888906
882 -972.4114583333331
883 -952.5840277777794
884 -1410.8715277777796
885 -664.360590277778
886 -640.5230902777784
887 -991.7454861111122
888 -888.9428819444445
889 -647.5032986111104
890 -1004.52951388889
891 -905.1895833333326
892 -619.2265625000013
893 -936.5647569444437
894 -1166.3746527777814
895 -1190.2340277777798
896 -888.9831597222201
897 -961.1256944444443
898 -1004.9644097222244
899 -1203.559895833333
900 -395.7677083333338
901 -1202.0447916666667
902 -1012.3993055555586
903 -392.1803819444448
904 -1007.0019097222225
905 -932.7085069444449
