1 -900.6128472222224
2 -963.9230902777778
3 -29.81961805555549
4 -962.9368055555556
5 -967.7989583333333
6 -975.2703125
7 -978.6645833333333
8 -973.4626736111111
9 -987.6631944444445
10 -879.7194444444443
11 -971.7078125000002
12 -959.6085069444445
13 -64.16024305555563
14 -914.259201388889
15 -928.4234375
16 -165.93263888889334
17 -69.36336805555449
18 -620.6508680555534
19 -900.7975694444444
20 -869.7873263888889
21 -897.6605902777777
22 -1075.716319444447
23 -888.2529513888891
24 -1509.3980902777885
25 -1099.626388888889
26 -761.8171875
27 -967.323263888889
28 -821.9173611111111
29 -1312.0467013888892
30 -833.998958333333
31 -833.0651041666662
32 -987.1166666666668
33 -1007.6085069444447
34 -329.55885416666723
35 -858.4368055555556
36 -686.6086805555562
37 -945.1013888888888
38 -689.1590277777785
39 -880.7750000000001
40 -871.8225694444443
41 -909.4682291666667
42 -878.2350694444444
43 -880.2307291666664
44 -176.60434027777748
45 -73.60729166666648
46 -786.3324652777778
47 -646.3789930555555
48 -842.8739583333333
49 -738.1749999999759
50 -570.8210069444445
51 -1407.9010416666665
52 -1420.0630208333332
53 -106.56909722222076
54 -1392.6258680555557
55 -425.74218750000017
56 -722.9397569444444
57 -174.69114583333368
58 -796.7274305555558
59 -731.8213541666671
60 -894.0680555555532
61 -680.1782986111109
62 -690.897048611111
63 -447.03489583333703
64 -310.4385416666664
65 -762.7741319444445
66 -1105.1336805555559
67 -1223.1484375
68 -1398.3918402777776
69 -435.0125000000029
70 -1111.2147569444446
71 -692.025173611111
72 -1107.7637152777775
73 -982.3817708333349
74 -464.81840277777854
75 -159.01614583333347
76 -697.5734375000001
77 -920.0350694444445
78 -714.759375
79 -755.9489583333333
80 -950.2008680555556
81 -776.6411458333333
82 -894.3586805555556
83 -832.4074652777778
84 -15.648611111111178
85 -737.6298611111106
86 -642.8031250000001
87 -601.0361111111112
88 -207.63906250000008
89 -819.1701388888889
90 -219.47256944444447
91 -814.7038194444445
92 -876.3581597222221
93 -724.9550347222224
94 -119.42881944444386
95 -138.5508680555555
96 -14.916319444444515
97 -898.9074652777779
98 -897.842013888889
99 -891.6310763888887
100 -919.332465277778
101 -1326.0126736111108
102 -1023.1442708333343
103 -122.4668402777774
104 -379.31614583333356
105 -956.1020833333334
106 -949.4059027777778
107 -902.3182291666676
108 -141.6906250000003
109 -110.05711805555582
110 -952.3878472222223
111 -882.0633680555557
112 -930.590625
113 -150.83437499999988
114 -915.7864583333336
115 -900.4380208333333
116 -63.4055555555556
117 -983.2331597222222
118 -232.87586805555577
119 -896.2190972222228
120 -169.58663194444452
121 -932.932638888889
122 -147.11319444444732
123 -105.86909722222212
124 -875.7907986111113
125 -901.3451388888889
126 -136.94045138888868
127 -245.96857638888903
128 -104.57569444444442
129 -96.50815972222215
130 -101.15052083333326
131 -765.8901041666666
132 -299.8414930555557
133 -60.37204861111047
134 -98.08263888888901
135 -48.34999999999939
136 -184.17326388888733
137 -158.7722222222223
138 -44.09999999999963
139 -775.4749999999996
140 -92.80781250000014
141 -47.576388888888324
142 -19.119791666666803
143 -144.19184027777743
144 -144.63715277777732
145 -594.7135416666663
146 -41.904861111110925
147 -849.5421875000004
148 -79.88784722222186
149 -79.3407986111107
150 -1060.2677083333351
151 -104.16909722222226
152 -76.87864583333302
153 -121.64131944444416
154 -651.6381944444443
155 -24.25052083333334
156 -124.7217013888886
157 -731.9647569444445
158 -605.8046874999998
159 -107.3149305555552
160 -114.45451388888853
161 -23.469097222222224
162 -740.3512152777773
163 -650.1628472222224
164 -728.5045138888889
165 -930.3036458333336
166 -30.26805555555558
167 -91.14809027777777
168 -730.4831597222226
169 -374.2277777777775
170 -444.8432291666668
171 -117.20121527777705
172 -814.7835069444445
173 -705.14375
174 -123.32170138888893
175 -817.2998263888887
176 -123.89444444444348
177 -598.9586805555558
178 -601.6164930555549
179 -854.1947916666668
180 -719.8027777777778
181 -577.2736111111097
182 -57.980034722221326
183 -706.4071180555555
184 -744.0640625000001
185 -45.01371527777751
186 -42.474652777777656
187 -673.9515625000006
188 -756.9154513888889
189 -764.7661458333332
190 -693.2980902777779
191 -93.41788194444455
192 -27.69444444444449
193 -579.825173611111
194 -571.6977430555557
195 -67.38576388888885
196 -63.60815972222214
197 -23.86354166666685
198 -145.6973958333317
199 -572.2161458333331
200 -26.036631944444668
201 -43.581076388888626
202 -431.042534722223
203 -139.3592013888874
204 -141.34131944444295
205 -948.7560763888889
206 -938.8701388888887
207 -958.2791666666666
208 -974.5907986111109
209 -57.08784722222166
210 -155.74930555555585
211 -42.117708333333084
212 -60.079861111110766
213 -55.518055555555264
214 -872.5944444444444
215 -872.34375
216 -57.15677083333226
217 -973.3307291666665
218 -58.85017361111081
219 -917.8052083333334
220 -856.0815972222222
221 -851.2854166666666
222 -986.9770833333333
223 -171.5244791666659
224 -794.2194444444444
225 -967.073263888889
226 -880.6166666666666
227 -104.35902777777751
228 -869.5795138888889
229 -880.570486111111
230 -883.0840277777777
231 -962.3793402777779
232 -927.4998263888889
233 -784.9163194444443
234 -74.23576388888759
235 -963.2039930555557
236 -869.1737847222222
237 -207.5975694444447
238 -976.3621527777777
239 -687.081770833333
240 -817.9067708333332
241 -111.54374999999902
242 -1164.4428819444452
243 -878.4607638888895
244 -663.3041666666664
245 -263.4343749999992
246 -134.42118055555434
247 -823.5177083333333
248 -880.5519097222226
249 -930.3526041666669
250 -55.751562499999594
251 -878.2814236111117
252 -99.09583333333244
253 -874.9119791666669
254 -834.9704861111111
255 -103.80711805555546
256 -825.546354166667
257 -895.3581597222222
258 -112.32934027777809
259 -935.4692708333334
260 -76.2335069444445
261 -117.97465277777788
262 -64.61006944444446
263 -753.3100694444445
264 -953.4664930555556
265 -10.484722222222212
266 -96.16892361111114
267 -1072.9883680555524
268 -886.9829861111115
269 -874.9859375
270 -265.1859374999997
271 -10.565277777777796
272 -10.867013888888911
273 -266.3046874999997
274 -972.4302083333338
275 -11.388020833333362
276 -10.37447916666668
277 -1752.2156250000012
278 -974.9437500000004
279 -924.83125
280 -515.6970486111102
281 -1695.2288194444504
282 -419.0230902777772
283 -291.55937499999993
284 -934.7666666666673
285 -840.4428819444445
286 -977.1715277777764
287 -839.1074652777776
288 -450.392881944445
289 -1125.7461805555567
290 -953.3708333333333
291 -1059.8236111111119
292 -687.7322916666668
293 -262.9963541666668
294 -295.255729166667
295 -694.8725694444447
296 -690.1335069444447
297 -806.9289930555556
298 -967.8022569444454
299 -956.8541666666666
300 -651.2385416666677
301 -990.5493055555557
302 -993.6088541666668
303 -691.7864583333339
304 -685.4378472222227
305 -952.9387152777778
306 -727.3812499999997
307 -718.0623263888888
308 -986.3107638888889
309 -871.2947916666666
310 -973.0536458333333
311 -968.0826388888888
312 -937.7618055555554
313 -987.0914930555562
314 -866.5307291666669
315 -951.9953125
316 -1349.4546875000021
317 -943.7982638888889
318 -1031.6555555555565
319 -819.6097222222227
320 -939.8036458333336
321 -941.4380208333346
322 -943.4222222222224
323 -266.85694444444323
324 -830.0461805555551
325 -653.3043402777772
326 -964.8269097222222
327 -1240.1006944444437
328 -952.2229166666666
329 -948.3305555555555
330 -99.22013888888826
331 -742.1782986111109
332 -840.1116319444443
333 -310.08645833333344
334 -954.9651041666668
335 -818.0527777777779
336 -267.1366319444447
337 -971.4668402777777
338 -311.47899305555546
339 -967.220138888889
340 -870.9946180555555
341 -967.0510416666668
342 -981.2222222222224
343 -484.6809027777755
344 -970.0701388888897
345 -1041.4270833333335
346 -801.609375
347 -162.34704861111072
348 -720.4769097222223
349 -680.4432291666699
350 -2099.5993055555537
351 -1552.2105902777832
352 -936.0972222222218
353 -769.8921875000001
354 -416.074652777777
355 -816.0399305555554
356 -1563.7171875000045
357 -896.9503472222219
358 -928.2289930555535
359 -927.2039930555562
360 -558.067361111112
361 -885.629861111111
362 -884.3138888888893
363 -685.9197916666666
364 -908.9154513888888
365 -910.4394097222221
366 -884.5387152777777
367 -490.2081597222225
368 -1106.4130208333345
369 -877.5423611111111
370 -772.2078125000003
371 -837.7017361111111
372 -847.0038194444444
373 -827.7003472222221
374 -1148.196701388887
375 -620.490104166665
376 -931.5956597222213
377 -1052.8258680555568
378 -1152.9699652777715
379 -1837.2427083333323
380 -773.8079861111112
381 -769.1227430555556
382 -301.2696180555565
383 -357.59392361111367
384 -1031.38732638889
385 -1203.14496527778
386 -1206.2663194444467
387 -901.3614583333336
388 -75.85225694444264
389 -50.45364583333276
390 -598.4211805555549
391 -103.76163194444237
392 -104.44583333333124
393 -178.892361111122
394 -165.46440972222163
395 -106.68784722222016
396 -48.29999999999939
397 -213.22708333333426
398 -102.573437499998
399 -544.5189236111074
400 -1342.858854166664
401 -229.87031249999987
402 -323.16232638888914
403 -622.6416666666594
404 -964.7121527777716
405 -60.83663194444336
406 -276.7409722222238
407 -1088.6956597222218
408 -1735.6673611111114
409 -1084.8456597222219
